6719
1933
5765
6973
1656
5994
5094
5002

17421
21171
14542

7383
1261
5765
5765
3930
4166
6498
6796
4243
3029
3093
1498

4202
2127
5765
2581
5765
3930
5765
5765
1590
1720
4098

6040
2927
3655
4117
2681
5765
4795
4215
6498
1345

5765
5765
1815
4428
3930
5765
5765
6188
2299
5765

1979
2367
1456
4458
3930
2106
5094
2430
3930
6498
6498
3930
3930
2899

6498
1656
3930
5990
5765
5325
2269
5765
4556
5765

3739
1929
5765
5765
3930
3930
4949
4715
3930
5094
2241
1714

12055
25174
16542

22651
16095
15227

12963
4406
18971
11792

2574
1663
1663
4652
1663
3930
5765
2754
5765
2614

1861
4574
5765
5340
3930
3930
3468
5765
6498
1663
3930

5765
2046
4970
3930
3930
6188
3930
4912
5765
4508
2017

1663
5765
3127
6188
6498
5765
3930
2853
5765
5765
3930
5765

5765
3930
1663
5765
5765
5765
1663
5765
5765
5765
3527

5765
5765
5765
3930
2628
3930
4656
3930
3930
4296
5765

2107
3930
3930
3930
5765
5765
5765
4476
3930
5765
5765
3930

3930
3930
5765
5765
3930
4792
1663
4416
3930
5765
3930

5765
3930
5765
3930
5765
2064
1663
3930
5765
3930
5765
5765

5765
5765
5930
4764
3930
5765
5765
5765
1663
1663

5765
2664
2946
2696
5765
5765
5765
5765
3930
5765
5765

6020
3930
3930
2862
1663
5765
3930
4392
3930
5765
3930

2548
5765
3930
4800
2328
1663
5765
5765
5765
5765
6498

5765
5765
5765
5765
1663
5765
3930
3930
3930
5765
2432

5765
5765
3386
3930
5765
5765
5765
4956
5765
1663

5765
1663
5765
6068
3930
3930
4588
3930
3930
3930

5765
5765
5765
1663
5765
3930
5765
5765
4632
3930
3930

2052
5765
1663
5765
5765
5765
3930
5765
3930
5765
5765

5765
5765
2660
5765
1663
5765
3930
5765
3930
4568

5765
4020
5765
3930
5765
3930
5765
5765
5765
4852
1663

3930
5765
3930
5765
5765
5765
3930
3930
1663
1663
5765

5765
3930
5765
4492
5765
1663
5765
3930
3930
5765
3930

10389
3406

53920

5765
1663
4508
5765
3930
5765
5765
3930
3930
5765
5765

5765
5765
5152
5765
3930
5765
3930
5765
5765
1663
3930

5765
3930
3930
5765
1972
3930
1663
4068
5765
5765
3930

5765
1663
5765
5765
5765
3930
3930
5765
5765
5320
3930

3930
5765
5765
5765
2168
5765
3930
5765
4632
1663

5765
1663
5765
3930
3930
5765
5765
5765
5336
5765
3930

3930
3930
5765
4504
5765
5765
5765
3930
3930
1663

5765
4172
5765
3930
5765
5765
5765
5765
1663
1663
3930

1663
4548
3930
5765
3930
5765
3930
5765
5765
3930

3930
1663
5765
3930
5508
5765
5765
5765
5765
5765
2108

5765
5765
3930
3930
5765
5765
1663
5765
5765
1663
4504

5765
3930
3930
5765
1663
5765
5765
5765
5765
5132
3930

5765
5765
1663
5765
5765
3930
5072
4380
3930
3930

3930
4616
3930
5765
5765
3930
5765
3930
1663

5765
3930
5765
5765
4124
5765
3930
3930
3930
1663
5765

1663
3930
5765
5765
3930
5765
5765
3930
3930
4080
5765

5765
4144
3930
5765
5765
3930
5765
1663
5765
3930

5765
5765
3930
5765
5484
1663
5765
5765
5765
3930
3930

5765
5765
3930
3930
3930
3930
5765
1663
3808
5765
5765

3930
3930
3930
2668
5765
3930
5765
5765
5765
1663
5765

3930
5765
3930
3930
5765
5765
1663
4196
5765
5765
5765

3930
4816
3930
3930
5765
5765
5765
5765
1663
3930

5765
3930
5765
5765
3930
5765
4576
5765
1663
3930
3930

1663
5765
4260
5765
3930
5765
5765
5765
3930
3930
5765

5765
3930
5765
5765
3930
5765
5765
4944
3930
1663
3930

5765
5765
5765
3930
3930
3930
5765
1663
4368
5765

5765
5765
5765
3930
4068
1663
3930
3930
3930
5765

3930
3930
5765
4540
5765
5765
3930
5765
1663
3930
5765

5765
5765
5765
3930
3930
5765
1663
5500
3930
3930
3930

5765
3930
5765
5640
5765
3930
3930
1663
3930
5765

3930
5765
1663
5765
5765
4204
5765
5765
3930
5765
3930

3930
3930
5468
5765
3930
5765
5765
5765
3930
1663

3930
1663
3930
5765
5765
3930
5765
4616
5765
5765
3930

3930
5765
5765
3930
5765
3930
1663
5212
3930
5765

3930
5765
4920
5765
1663
3930
5765
5765
5765
3930
3930

5765
5765
3930
1663
4284
5765
5765
5765
3930
3930
5765

5468
5765
5765
3930
5765
3930
5765
3930
3930
1663

14667
20014
16011

25139
24102

14371
19117
10696
6894

5765
3930
3930
3930
5765
5765
5765
4340
5765
1663
3930

3930
5765
5765
5765
1663
5765
3930
5765
3930
5048
3930

5765
5765
3930
3930
5765
3930
1663
5765
4636
3930

5765
3930
5765
5765
5240
1663
3930
5765
3930
5765
3930

5765
1663
3930
5765
5765
3930
5765
5765
5765
4140
3930

1663
3930
4796
5765
3930
5765
5765
5765
3930
5765
3930

5765
1663
5765
3930
3930
4968
5765
5765
3930
5765
5765

3930
5765
5765
1663
4552
5765
3930
5765
5765
5765
3930

5765
3930
3930
5765
1663
5765
4812
5765
5765
5765
3930

4848
5765
5765
5765
3930
3930
5765
1663
3930
3930

20478
18889
17653

52396

9954
8596
9408
1660
8106

7232
8340
2954
3680
5764
9538

5765
3930
5765
5428
1663
5765
3930
5765
5765
5765
3930

5765
1663
5765
3930
5468
5765
3930
5765
3930
5765
3930

5765
3930
5765
5765
1663
5765
3930
5280
3930
5765
3930

3930
5765
1663
5765
5765
5765
3930
4916
5765
3930
5765

5765
3930
5765
5765
3930
3930
4288
5765
1663
3930

3930
5765
5765
5765
5765
1663
3930
5616
3930
5765
3930

5765
3930
1663
5765
3930
5284
5765
5765
3930
5765
5765

5765
5604
3930
5765
5765
1663
5765
3930
3930
3930

5765
5248
5765
5765
3930
1663
3930
5765
3930
5765
5765

5765
5765
4380
5765
5765
5765
3930
1663
3930
5765
3930

3930
1663
5765
5765
5765
3930
3930
5765
5672
3930

5765
5765
3930
1663
5765
5765
3930
4284
5765
5765
5765

3930
5765
1663
5765
5012
5765
5765
3930
5765
3930
3930

3930
5765
3930
5765
4380
3930
1663
3930
5765
5765

15959
13406
10878
7124

3930
5765
5765
5765
1663
5765
5152
3930
5765
3930
3930

5765
5765
5765
5765
3930
3930
1663
5765
4472
3930

13891
10596
7756
16810

5765
3930
5765
5765
5765
3930
5700
5765
1663
3930
3930

4996
5765
1663
5765
5765
3930
3930
5765
5765
5765
3930

5765
5765
5765
3930
5765
5116
1663
3930
3930
5765
3930

3930
1663
4900
5765
5765
3930
5765
5765
5765
5765
3930

5765
5765
3930
5765
4664
3930
3930
1663
3930
5765

5765
5765
3930
1663
5765
4356
5765
3930
5765
3930
5765

5765
3930
1663
5804
3930
5765
3930
3930
5765
5765
5765

5765
3930
5765
5765
1663
4096
3930
5765
5765
5765
3930

5312
5765
1663
3930
5765
3930
5765
5765
3930
5765
5765

3930
5765
5765
5544
3930
1663
5765
3930
5765
5765
3930

1663
5765
3930
5765
5765
3930
4796
5765
5765
3930
5765

5765
3930
5344
3930
5765
5765
3930
1663
3930
5765

3930
1663
5765
3930
3930
5104
5765
5765
5765
5765
3930

5765
3930
5765
3930
5765
1663
3930
5765
5765
5744
3930

3930
3930
5016
5765
5765
1663
5765
5765
3930
3930
5765

3930
3930
5765
5765
5765
5432
5765
1663
3930
5765

5765
3930
5765
5765
3930
5765
1663
5765
4632
3930
3930

3930
5765
5765
5765
5765
3930
1663
5240
5765
3930

3930
1663
5448
5765
5765
3930
5765
5765
3930
5765
5765

5765
1663
5765
5765
5765
5765
5765
4308
3930
3930
3930

5765
5765
3930
4812
5765
3930
5765
1663
5765
3930
3930

5765
5765
5765
1663
3930
5704
3930
3930
5765
3930

3930
5765
4336
1663
5765
5765
5765
5765
5765
3930
3930

5765
5765
3930
1663
5765
5156
3930
5765
5765
3930
5765

3930
5765
5765
1663
5765
5765
3930
3930
4980
3930

5765
3930
5765
4632
3930
5765
3930
5765
1663
5765
3930

5368
5765
3930
3930
5765
1663
5765
3930
5765
5765
5765

3930
5765
5765
5765
5765
5765
3930
1663
4160
3930

5765
3930
5765
3930
3930
5700
5765
5765
3930
1663

5765
5765
5765
3930
5765
5765
5248
1663
3930
3930
3930

5765
3930
5408
5765
3930
5765
1663
5765
5765
3930
3930

3930
5765
5765
5765
3930
3930
5765
1663
3930
4972

5765
3930
3930
1663
3930
3930
5765
3930
5765
4784
5765

3930
5765
5765
5765
1663
3930
5765
5560
5765
3930
3930

5765
5765
5056
3930
3930
3930
1663
5765
5765
5765
3930

5765
3930
5765
5765
1663
5765
4320
5765
5765
3930
3930

1663
5765
5765
3930
3930
5765
3930
5408
3930
5765

5765
5765
3930
5765
4816
5765
3930
1663
5765
3930
3930

1663
5765
5765
5765
5168
3930
3930
5765
5765
5765
3930

3930
5765
3930
3930
5765
5765
1663
5765
5312
5765

5765
4848
1663
5765
3930
5765
5765
3930
3930
5765
5765

3930
3930
5512
5765
5765
5765
3930
5765
1663
3930

6400
3206
10380
2400
2954

8766
8980
3706
5116
5254
5254

5765
3930
4440
5765
5765
3930
5765
5765
1663
5765
3930

3930
1663
5765
5765
4252
5765
3930
3930
5765
5765
5765

5765
3930
5765
3930
1663
5765
3930
5765
4932
3930

1663
3930
5592
5765
5765
5765
5765
3930
5765
3930
3930

5765
5765
3930
3930
1663
3930
4780
5765
5765
5765

3930
1663
5765
5304
5765
3930
5765
3930
5765
5765
3930

5765
3930
3930
4912
3930
5765
5765
5765
1663
5765

5765
5765
3930
5765
3930
5765
3930
5608
5765
1663

1663
5765
5765
5240
3930
3930
5765
5765
5765
3930
5765

1663
5588
3930
5765
3930
3930
5765
5765
5765
5765
3930

5276
5765
5765
1663
5765
5765
5765
3930
3930
3930
5765

5765
5765
1663
5765
4772
5765
3930
3930
5765
5765
3930

4764
3930
3930
5765
5765
5765
5765
3930
1663
5765

3930
5765
5765
5336
3930
5765
1663
5765
3930
5765
3930

5765
5765
5765
3930
3930
1663
5765
3930
5440
3930

3930
5604
5765
3930
5765
5765
5765
3930
1663
5765

5765
1663
5765
5765
3930
3930
5552
3930
3930
5765
5765

3930
5765
5765
5765
5765
3930
5332
1663
3930
3930

3930
5765
5740
3930
1663
5765
5765
5765
3930
5765
5765

1663
5116
3930
5765
5765
3930
5765
5765
5765
3930
3930

4756
5765
5765
3930
5765
3930
1663
5765
5765
3930

5765
3930
1663
5765
3930
3930
5765
5612
5765
5765
5765

3930
5765
5765
5765
5765
4968
5765
3930
1663
3930

5765
3930
5765
3930
3930
5576
1663
5765
5765
5765
5765

3930
5612
5765
3930
5765
3930
5765
5765
1663
3930

5765
3930
1663
5765
5765
5765
4852
5765
3930
5765
3930

3930
5260
3930
5765
5765
5765
5765
3930
1663
5765

5765
5765
5720
5765
3930
3930
3930
5765
1663
5765

3930
3930
3930
1663
5024
5765
5765
5765
5765
5765
5765

5765
5765
5765
4308
3930
3930
5765
3930
1663
5765

1663
5765
5765
3930
4044
3930
5765
5765
5765
3930
5765

5765
5348
3930
3930
3930
5765
1663
5765
5765
5765

5765
5765
5765
5765
1663
5765
3930
4632
3930
3930
3930

3930
5765
5736
3930
5765
1663
5765
5765
5765
5765
3930

3930
1663
5765
5765
3930
5072
5765
5765
3930
5765
5765

5765
3930
3930
3930
5765
5408
1663
5765
5765
5765

3930
3930
3930
5765
1663
5765
5765
3930
5012
5765

5765
3930
3930
5765
5765
5765
4996
1663
5765
3930

3930
3930
5584
3930
5765
5765
1663
5765
5765
5765
5765

1663
5496
3930
5765
3930
5765
5765
5765
5765
3930
3930

3930
5765
5765
1663
5208
3930
5765
5765
3930
5765
5765

5765
5765
3930
3930
1663
5765
5220
3930
5765
5765
5765

5765
3930
3930
5765
5765
1663
3930
4720
5765
5765

5765
5765
3930
4980
5765
3930
1663
5765
3930
5765
5765

3930
5765
5376
3930
5765
5765
5765
1663
5765
3930

5104
5765
5765
1663
5765
3930
3930
3930
5765
5765
5765

5765
5296
5765
1663
3930
3930
5765
3930
5765
5765
5765

5765
5765
3930
3930
5180
3930
3930
5765
1663
5765

3930
5765
3930
3930
3930
5765
1663
5684
5765
5765

5765
5168
3930
3930
5765
5765
1663
5765
3930
5765
5765

4696
1663
5765
3930
5765
5765
5765
5765
3930
5765
3930

5765
3930
5765
1663
3930
5765
5764
5765
3930
5765
3930

3930
5765
1663
5360
5765
3930
3930
5765
5765
5765
5765

5765
5765
5376
5765
3930
1663
3930
3930
5765
5765

5765
5765
1663
3930
5765
3930
4476
3930
5765
5765
5765

1663
3930
5765
5292
5765
3930
5765
5765
3930
5765
5765

3930
5396
5765
5765
5765
5765
1663
5765
3930
3930

3930
3930
5765
3930
4568
1663
5765
5765
5765
5765
5765

5765
3930
3930
1663
5765
3930
3930
5504
5765
5765

5765
3930
3930
5156
5765
5765
5765
5765
1663
5765

5765
5765
3930
5765
3930
4736
3930
1663
5765
5765

5765
5765
5765
3930
5765
1663
5388
3930
3930
5765
3930

5765
5765
1663
3930
3930
3930
5765
5765
4880
5765

1663
5765
5765
3930
3930
5765
5096
5765
5765
3930
5765

5765
3930
3930
5228
5765
5765
3930
5765
1663
5765

1663
5765
5765
5765
5765
3930
5765
3930
4712
3930

2986
7568
3382
5606
6408

3930
5765
3930
5148
5765
3930
3930
5765
1663
5765

5765
3930
1663
5765
3930
5500
5765
3930
5765
5765
5765

5765
3930
5476
3930
5765
5765
3930
5765
1663
5765

3930
5765
3930
5765
3930
5765
5020
5765
1663
3930

5068
5765
3930
3930
3930
5765
1663
5765
5765
5765

1663
3930
5765
5765
5765
5196
3930
5765
3930
5765
5765

3930
4616
5765
5765
5765
3930
3930
5765
1663
5765

5765
5765
5244
3930
5765
5765
1663
5765
3930
3930
5765

5496
5765
3930
5765
5765
1663
5765
3930
5765
3930

5765
5140
5765
3930
5765
1663
5765
5765
3930
3930
5765

3930
5765
5476
5765
5765
5765
3930
1663
5765
3930

5765
1663
5765
5765
3930
5765
4296
3930
5765
5765
3930

1663
3930
5404
5765
3930
5765
5765
3930
5765
5765
5765

4852
5765
5765
5765
1663
5765
5765
3930
3930
3930

5765
5765
5512
3930
3930
5765
5765
5765
1663
3930

3930
5396
5765
5765
5765
3930
3930
5765
1663
5765

1663
5765
5284
3930
3930
5765
5765
5765
3930
5765
5765

5765
3930
3930
5765
3930
5540
1663
5765
5765
5765

5765
3930
3930
5765
5765
3930
1663
5765
5428
5765

5765
1663
5765
3930
3930
5632
3930
5765
5765
5765
5765

1663
5765
3930
3930
5696
5765
5765
5765
5765
3930

5204
3930
1663
5765
5765
5765
5765
3930
5765
3930

4576
1663
5765
5765
5765
3930
5765
5765
3930
5765
3930

3930
3930
3930
5765
5765
5248
5765
5765
1663
5765

5765
4700
3930
3930
5765
5765
5765
3930
1663
5765

3930
5765
5008
5765
5765
5765
5765
3930
1663
3930

5765
5765
3930
3930
5765
5765
1663
5048
5765
5765

3930
5272
5765
1663
5765
3930
3930
5765
5765
5765
5765

5765
5765
5765
1663
4076
5765
3930
3930
3930
5765

3930
5765
1663
5765
5765
3930
3930
5132
5765
5765

3930
5765
5765
5416
5765
1663
3930
3930
5765
5765

5765
3930
5765
5765
3930
5416
1663
3930
5765
5765

3930
5765
5360
3930
5765
1663
5765
5765
5765
5765
3930
